2.457612383761574049e+06
2.457618975486110896e+06
2.457623641898148227e+06
2.457623726840277668e+06
2.457623811782407574e+06
2.457627629444444552e+06
2.457627714953703806e+06
2.457627800474537071e+06
2.457630614236111287e+06
2.457630700717592612e+06
2.457630787210647948e+06
2.457640613541666884e+06
2.457640700023148209e+06
2.457640786504629534e+06
2.457643876331018750e+06
2.457643961006944533e+06
2.457647895462962799e+06
2.457649897326388862e+06
2.457652894502314739e+06
2.457655891701389104e+06
2.457657664537037257e+06
2.457657843506944366e+06
2.457658859328703489e+06
2.457660635115740821e+06
2.457660737048611045e+06
2.457660827847222332e+06
2.457661831307870336e+06
2.457661917534722015e+06
2.457664883587962948e+06
2.457666832268518396e+06
2.457668620347222313e+06
2.457668724293981679e+06
2.457668820173610933e+06
2.457670583148148376e+06
2.457670669583333191e+06
2.457670753750000149e+06
2.457672842118055560e+06
2.457674613564814907e+06
2.457674708275462966e+06
2.457674797696759459e+06
2.457675848530092742e+06
2.457678837442129850e+06
2.457682834537037183e+06
2.457684630555555690e+06
2.457684718541666865e+06
2.457684807141203899e+06
2.457686597326389048e+06
2.457686697546296287e+06
2.457686791261574253e+06
2.457689838402777910e+06
2.457692826979166828e+06
2.457697586956018582e+06
2.457697688252314925e+06
2.457697778449073900e+06
2.457699625497685280e+06
2.457699712106481660e+06
2.457699798715277575e+06
2.457707583321759477e+06
2.457707684942129534e+06
2.457707768761574291e+06
2.457714609282407444e+06
2.457714715474537108e+06
2.457717605914351996e+06
2.457717695162036922e+06
2.457727720844907220e+06
2.457731719363425858e+06
2.457734628541666549e+06
2.457739683726851828e+06
2.457741611736111343e+06
2.457742611979166511e+06
2.457744618449074216e+06
2.457745049988425802e+06
2.457746612858796492e+06
2.457747045092592482e+06
2.457748607743055560e+06
2.457749049155092798e+06
2.457752609965277836e+06
2.457753023518518545e+06
2.457754602187499870e+06
2.457755025671296287e+06
2.457763609375000000e+06
2.457763999201389030e+06
2.457766576620370150e+06
2.457766993078703526e+06
2.457771592893518507e+06
2.457771996064814739e+06
2.457784577337963041e+06
2.457784936550925951e+06
2.457785032268518582e+06
2.457787052013888955e+06
2.457799048067129683e+06
2.457802042812500149e+06
2.457807042256944347e+06
2.457816036377314944e+06
2.457824026967592537e+06
2.457831020729166456e+06
2.457834889710647985e+06
2.457836906817129813e+06
2.457836991516203620e+06
2.457838907557870261e+06
2.457838992256944533e+06
2.457840872592592612e+06
2.457841013958333526e+06
2.457844007384259254e+06
2.457849007488425821e+06
2.457850998784722295e+06
2.457855999155092519e+06
2.457857962870370597e+06
2.457859962824074086e+06
2.457862783912037034e+06
2.457862871284722351e+06
2.457862963113425765e+06
2.457864888530092780e+06
2.457864974884259049e+06
2.457866892164351884e+06
2.457870802500000224e+06
2.457870895266203675e+06
2.457870985844907351e+06
2.457871987731481437e+06
2.457875708750000224e+06
2.457875846689814702e+06
2.457875931365740951e+06
2.457877942719907500e+06
2.457879971631944645e+06
2.457880978935185354e+06
2.457883975543981418e+06
2.457885973136574030e+06
2.457886976828703657e+06
2.457887976759259123e+06
2.457889935405092780e+06
2.457892960370370187e+06
2.457894636643518694e+06
2.457894756331018638e+06
2.457894857164351735e+06
2.457896642939814832e+06
2.457896728148147929e+06
2.457896813368055504e+06
2.457897945405092556e+06
2.457899639363425784e+06
2.457899733518518507e+06
2.457899822488425765e+06
2.457900961932870559e+06
2.457902695462963078e+06
2.457902780486111064e+06
2.457902865509259049e+06
2.457903969166666735e+06
2.457905647546296474e+06
2.457905735439814627e+06
2.457905828530092724e+06
2.457907648449074011e+06
2.457907733506944496e+06
2.457907818553240970e+06
2.457909644131944515e+06
2.457909741539351642e+06
2.457909833773148246e+06
2.457911644930555485e+06
2.457911744224537164e+06
2.457911837476851884e+06
2.457912962997685187e+06
2.457914646041666623e+06
2.457914745729166549e+06
2.457914839374999981e+06
2.457915960983796511e+06
2.457917653043981642e+06
2.457917754745370243e+06
2.457917842951389030e+06
2.457918961296296213e+06
2.457920653865740635e+06
2.457920740706018638e+06
2.457920827557870187e+06
2.457921967881944496e+06
2.457923667337962892e+06
2.457923771747685038e+06
2.457923870127314702e+06
2.457925667673611082e+06
2.457925772094907239e+06
2.457925870474536903e+06
2.457927649085648358e+06
2.457927751134259161e+06
2.457927840717592742e+06
2.457930657511574216e+06
2.457930756585648283e+06
2.457930846157407388e+06
2.457932666944444645e+06
2.457932750717592426e+06
2.457932834502314683e+06
2.457933969907407183e+06
2.457935649328703526e+06
2.457935757291666698e+06
2.457935845601852052e+06
2.457936969282407314e+06
2.457938712557870429e+06
2.457938906111110933e+06
2.457941660104166716e+06
2.457941757037037052e+06
2.457941845787037164e+06
2.457943659699073993e+06
2.457943752002314664e+06
2.457943840567129664e+06
2.457944974062500056e+06
2.457946647453703918e+06
2.457946763726851903e+06
2.457946864768518601e+06
2.457950651585648302e+06
2.457950756990740541e+06
2.457950858032407239e+06
2.457957648553240579e+06
2.457957742280092556e+06
2.457957837685185019e+06
2.457961646435185336e+06
2.457961740011574235e+06
2.457961835277777631e+06
2.457963649328703526e+06
2.457963744756944478e+06
2.457963836423611268e+06
2.457969635960648302e+06
2.457969748784722295e+06
2.457969849155092612e+06
2.457972637592592742e+06
2.457972738263888750e+06
2.457972833194444422e+06
2.457974644803240895e+06
2.457974749236111064e+06
2.457974844166666735e+06
2.457978641701389104e+06
2.457978726643518545e+06
2.457978811585647985e+06
2.457984628043981269e+06
2.457984712986111175e+06
2.457984797928240616e+06
2.457987634143518750e+06
2.457987719085648190e+06
2.457987804027777631e+06
2.457989619918981567e+06
2.457989704004629515e+06
2.457989788078703918e+06
2.457990991805555765e+06
2.457993620069444645e+06
2.457993705590277910e+06
2.457993791099537164e+06
2.457996613553240895e+06
2.457996700034722220e+06
2.457996786516203545e+06
2.457999636608796194e+06
2.457999736608796287e+06
2.457999836620370392e+06
2.458005623263888992e+06
2.458005735092592426e+06
2.458005835092592519e+06
2.458010677465277724e+06
2.458010891099537257e+06
2.458012616666666698e+06
2.458012709999999963e+06
2.458012805046296213e+06
2.458013885393518489e+06
2.458018884317129850e+06
2.458020891944444273e+06
2.458022664768518414e+06
2.458022843750000000e+06
2.458024876446759328e+06
2.458027876087963115e+06
2.458029634861111175e+06
2.458029729837962892e+06
2.458029816747684963e+06
2.458033845636574086e+06
2.458035843958333135e+06
2.458037633599536959e+06
2.458037725925926119e+06
2.458037819074074272e+06
2.458039597384259105e+06
2.458039696296296082e+06
2.458039786099536810e+06
2.458040854386574123e+06
2.458042629664351698e+06
2.458042733113425784e+06
2.458042821689814795e+06
2.458044622407407500e+06
2.458044725486110896e+06
2.458044816296296194e+06
2.458046616898148321e+06
2.458046716967592482e+06
2.458046809108796064e+06
2.458048625752314925e+06
2.458048714733796194e+06
2.458048801805555355e+06
2.458051846585648134e+06
2.458055837962963153e+06
2.458060588078703731e+06
2.458060689375000075e+06
2.458060779571759049e+06
2.458062814085647929e+06
2.458071583402777556e+06
2.458071677349537145e+06
2.458071767546296120e+06
2.458080609178240877e+06
2.458080715370370541e+06
2.458084585173611064e+06
2.458084668993055355e+06
2.458092734571759123e+06
2.458094721481481567e+06
2.458096721168981399e+06
2.458098710462962743e+06
2.458100625173611101e+06
2.458100709409722127e+06
2.458103619918981567e+06
2.458104631087963004e+06
2.458106681724537164e+06
2.458108603981481399e+06
2.458109608298610896e+06
2.458115652129629627e+06
2.458116047118055634e+06
2.458117609861111268e+06
2.458119601111111231e+06
2.458120038969907444e+06
2.458121602060185280e+06
2.458122035879629664e+06
2.458123595833333209e+06
2.458124019502314739e+06
2.458126587881944608e+06
2.458127021701388992e+06
2.458131567002314609e+06
2.458131992939814925e+06
2.458135569224536885e+06
2.458136000659722369e+06
2.458138580405092798e+06
2.458138995937500149e+06
2.458141572627314832e+06
2.458141984930555336e+06
2.458145584409722127e+06
2.458145948807870504e+06
2.458146040324074216e+06
2.458149577199073974e+06
2.458149936400462873e+06
2.458150023715277668e+06
2.458151578321759123e+06
2.458151937534722034e+06
2.458152033263888676e+06
2.458159051354166586e+06
2.458164047928240616e+06
2.458178036226851866e+06
2.458183030775462743e+06
2.458184034224537201e+06
2.458188021516203880e+06
2.458192028171296231e+06
2.458196024629629683e+06
2.458201015891203657e+06
2.458203013611111324e+06
2.458205004212962929e+06
2.458207005856481381e+06
2.458208999641203787e+06
2.458212009444444440e+06
2.458215814004629850e+06
2.458215898819444235e+06
2.458215989120370243e+06
2.458217964664351661e+06
2.458220952916666865e+06
2.458222948287037201e+06
2.458224948240740690e+06
2.458226949363425840e+06
2.458228950497685000e+06
2.458230933958333451e+06
2.458231990162036847e+06
2.458233822152777575e+06
2.458233909340277780e+06
2.458236817372685298e+06
2.458236901226851624e+06
2.458237985266203526e+06
2.458239961689814925e+06
2.458241960370370187e+06
2.458243947754629422e+06
2.458244980856481474e+06
2.458246901585648302e+06
2.458248970879629720e+06
2.458251972662037238e+06
2.458252976666666567e+06
2.458254869560185354e+06
2.458254973634259310e+06
2.458256864675926045e+06
2.458256974803240970e+06
2.458258871064814739e+06
2.458261637627314776e+06
2.458261722847222351e+06
2.458261808055555448e+06
2.458262940104166511e+06
2.458264639247685205e+06
2.458264732430555392e+06
2.458264820416666567e+06
2.458266640277777798e+06
2.458266739479166456e+06
2.458266829293981660e+06
2.458268680648148060e+06
2.458268767997685354e+06
2.458268855335648172e+06
2.458270676423611119e+06
2.458270763761573937e+06
2.458270851111111231e+06
2.458272682523148134e+06
2.458272766898148227e+06
2.458272851273148321e+06
2.458274653506944422e+06
2.458274737881944515e+06
2.458274822256944608e+06
2.458275968287037220e+06
2.458277645219907630e+06
2.458277729131944478e+06
2.458277813032407314e+06
2.458279645960648078e+06
2.458279729861110914e+06
2.458279813761574216e+06
2.458280964571759105e+06
2.458282706168981269e+06
2.458282803807870485e+06
2.458282901446759235e+06
2.458284690277777612e+06
2.458284799930555746e+06
2.458284888773147948e+06
2.458286690775462892e+06
2.458286802395833191e+06
2.458286897303240839e+06
2.458288648449074011e+06
2.458288746805555653e+06
2.458288835671296343e+06
2.458290658287037164e+06
2.458290756527777761e+06
2.458290845393518452e+06
2.458292649074073881e+06
2.458292755266203545e+06
2.458292851979166735e+06
2.458293964756944217e+06
2.458297649398148060e+06
2.458297735162036959e+06
2.458297820925925858e+06
2.458298961331018712e+06
2.458300657523148227e+06
2.458300744745370466e+06
2.458300831979166716e+06
2.458302649201388936e+06
2.458302746458333451e+06
2.458302835532407276e+06
2.458305663055555429e+06
2.458305747847222257e+06
2.458305832650463097e+06
2.458306969953703694e+06
2.458309648043981288e+06
2.458309746597222053e+06
2.458309830937500112e+06
2.458312647245370317e+06
2.458312763206018601e+06
2.458312864236111287e+06
2.458315659502314869e+06
2.458315747291666456e+06
2.458315848333333153e+06
2.458320647962962743e+06
2.458320732395833358e+06
2.458320820578703657e+06
2.458322647013888694e+06
2.458322773645833135e+06
2.458322880729166791e+06
2.458328645416666754e+06
2.458328753275462892e+06
2.458328850995370187e+06
2.458331647615740541e+06
2.458331751111111138e+06
2.458331837349536829e+06
2.458334645624999888e+06
2.458334731064814609e+06
2.458334826006944291e+06
2.458336664675925858e+06
2.458336759618055541e+06
2.458336854548611213e+06
2.458343633206018712e+06
2.458343718148148153e+06
2.458343803090277594e+06
2.458349628263888881e+06
2.458349713206018321e+06
2.458349798148148227e+06
2.458354632592592388e+06
2.458354717534722295e+06
2.458354802476851735e+06
2.458355934826388955e+06
2.458358620289351791e+06
2.458358705810185056e+06
2.458358791319444310e+06
2.458361613773148041e+06
2.458361700254629832e+06
2.458361786736111157e+06
2.458364610972222406e+06
2.458364697453703731e+06
2.458364783935185056e+06
2.458370635324073955e+06
2.458370751689814962e+06
2.458370851701389067e+06
2.458371887557870243e+06
2.458372887881944422e+06
2.458373889756944496e+06
2.458375901585648302e+06
2.458378883877314627e+06
2.458381895902777556e+06
2.458383641099537257e+06
2.458383728344907518e+06
2.458383813113425858e+06
2.458387875451388769e+06
2.458389659398148302e+06
2.458389838379629422e+06
2.458389923414351884e+06
2.458391603900462855e+06
2.458391709849536885e+06
2.458391805451388936e+06
2.458393884895833209e+06
2.458399845000000205e+06
2.458401610671296250e+06
2.458401695925925858e+06
2.458401779722222127e+06
2.458402868668981362e+06
2.458405840115740895e+06
2.458408837812500075e+06
2.458412834884259384e+06
2.458414636087962892e+06
2.458414725069444627e+06
2.458414813668981660e+06
2.458416602835648227e+06
2.458416708738425747e+06
2.458416808182870504e+06
2.458418600520833395e+06
2.458418684085648041e+06
2.458418769780092407e+06
2.458420839525463060e+06
2.458422644085648004e+06
2.458422835462962743e+06
2.458424619768518489e+06
2.458424726550925989e+06
2.458424822141203564e+06
2.458426621284722351e+06
2.458426729826388881e+06
2.458426823518518358e+06
2.458428619641203899e+06
2.458428731273148209e+06
2.458428817696759477e+06
2.458433584560185205e+06
2.458433678506944329e+06
2.458433768703703769e+06
2.458435635127314832e+06
2.458435718692129478e+06
2.458438583171296399e+06
2.458438695972222369e+06
2.458438779791666660e+06
2.458441610011573881e+06
2.458441712916666642e+06
2.458448608796296176e+06
2.458448692453703843e+06
2.458456740844907239e+06
2.458458723587962799e+06
2.458463720949074253e+06
2.458465706550925970e+06
2.458469682361111045e+06
2.458474665104166605e+06
2.458479621944444254e+06
2.458480053229166660e+06
2.458481568865740672e+06
2.458482046469907276e+06
