137.463
139.44
141.442
145.423
147.406
151.381
153.382
155.365
157.366
159.367
161.353
163.353
165.338
167.319
169.319
171.32
173.305
175.286
177.286
179.286
183.267
185.266
187.266
189.266
197.268
218.245
220.191
224.183
230.173
236.159
238.149
242.145
246.141
252.114
254.104
262.108
264.094
266.093
268.091
272.091
274.089
278.081
280.08
500.471
502.433
504.434
506.386
508.379
510.381
512.374
514.369
516.37
518.399
520.394
522.387
524.387
526.389
528.375
530.367
532.367
534.367
536.372
538.347
540.348
544.351
548.339
550.334
556.301
558.295
566.28
572.261
574.249
578.201
580.231
582.229
596.209
600.153
604.148
610.133
620.142
626.098
632.092
634.09
636.088
638.09
646.079
650.135
866.469
868.463
870.445
876.441
878.416
880.415
882.411
884.418
886.403
888.407
890.4
894.379
896.385
898.38
900.38
902.366
904.366
906.355
908.333
918.323
920.311
922.315
928.299
942.262
950.236
960.217
968.194
972.18
982.154
984.149
992.127
996.093
998.091
1000.09
1002.09
